[N
29
21
14 ones_comp_nbit
18
10 adder_nbit
13
10 ADDR_WIDTH
7
8 NUM_REGS
20
1 N
17
17 sign_extender_12b
26
10 eighth_clk
25
13 data_path2_tb
3
3 rtl
8
13 bus_mux_32to1
23
10 data_path2
9
9 structure
14
10 BYTE_WIDTH
10
8 reg_file
29
8 full_clk
6
4 regs
22
12 add_sub_nbit
24
8 IMM_BITS
15
8 mem_ctrl
12
10 DATA_WIDTH
1
30 /home/cpfunk/CPRE381/lab2/work
5
3 reg
16
12 bus_mux_2to1
19
10 structural
11
3 mem
4
4 BITS
27
11 quarter_clk
2
13 decoder_1to32
28
8 half_clk
]
[G
1
6
3
1
7
1
2
0
0
0 0
0
0
]
[G
1
16
9
1
4
1
0
32
0
0 0
0
0
]
[G
1
25
3
1
27
0
0
0
0
8 8
-96
37
38
0
0
0
0
0
0
0
]
[G
1
22
19
1
4
1
0
32
0
0 0
0
0
]
[G
1
25
3
1
28
0
0
0
0
8 8
64
75
76
0
0
0
0
0
0
0
]
[G
1
2
3
1
4
1
0
32
0
0 0
0
0
]
[G
1
15
3
1
13
1
0
10
0
0 0
0
0
]
[G
1
25
3
1
24
1
0
12
0
0 0
0
0
]
[G
1
11
3
1
13
1
0
10
0
0 0
0
0
]
[G
1
23
3
1
24
1
0
12
0
0 0
0
0
]
[G
1
25
3
1
26
0
0
0
0
8 8
-48
18
19
0
0
0
0
0
0
0
]
[G
1
17
3
1
4
1
0
32
0
0 0
0
0
]
[G
1
25
3
1
4
1
0
32
0
0 0
0
0
]
[G
1
11
3
1
14
0
2
0
0
0 0
0
0
]
[G
1
23
3
1
4
1
0
32
0
0 0
0
0
]
[G
1
25
3
1
29
0
0
0
0
8 8
-128
-106
-104
0
0
0
0
0
0
0
]
[G
1
10
3
1
4
1
0
32
0
0 0
0
0
]
[G
1
8
9
1
4
1
0
32
0
0 0
0
0
]
[G
1
6
3
1
4
1
0
32
0
0 0
0
0
]
[G
1
21
19
1
20
1
0
32
0
0 0
0
0
]
[G
1
11
3
1
12
1
0
32
0
0 0
0
0
]
[G
1
18
19
1
20
1
0
32
0
0 0
0
0
]
[G
1
15
3
1
4
1
0
32
0
0 0
0
0
]
[G
1
25
3
1
13
1
0
10
0
0 0
0
0
]
[G
1
5
3
1
4
1
0
32
0
0 0
0
0
]
[G
1
23
3
1
13
1
0
10
0
0 0
0
0
]
